.Random.seed <-
c(403L, 10L, 2052260812L, -1983340913L, 1414823621L, 1877407356L, 
-834725166L, -1561924019L, -730758393L, 1345103598L, -1813756984L, 
-1576176437L, 546254121L, 1613897080L, 132571814L, -101088063L, 
893408595L, 379376130L, -1587147980L, -1789630281L, -1697877843L, 
215838148L, -1289544214L, -329072043L, 596257775L, -1633334282L, 
-1291166432L, 1650733795L, 888906625L, -649218576L, -614118258L, 
-52825095L, -1158180469L, -313979462L, -621472580L, 331876351L, 
1339909461L, 82900588L, -26950974L, 1318405405L, -1465975913L, 
1664593662L, -110424904L, -1623499109L, 27921657L, -428478904L, 
-758216330L, -1212518223L, -1223154461L, 702690226L, 156421124L, 
-2109583545L, 421824029L, -169993068L, 1845283898L, -1475287419L, 
450041695L, 958396390L, -1480607120L, -1652814445L, 377059889L, 
1321449696L, 867750270L, 111809545L, 1371149371L, -1303315958L, 
78578156L, -1164454289L, -1518249563L, -740859556L, -1250427598L, 
-720903123L, -669852953L, -557936626L, -1882775064L, 579462123L, 
-1450705783L, 1711187992L, -935291066L, -1184741983L, 1976327219L, 
1065955746L, -2092997484L, 961319703L, -785343219L, -344482780L, 
1535880202L, -1481731723L, 1779116239L, 1831046102L, 1055982464L, 
1011668931L, -555482783L, 1605355472L, 387469102L, -291835175L, 
-55160597L, 680411482L, 1257057052L, 1191747103L, -1911626123L, 
313758476L, 1251184354L, 1298473917L, 207115319L, 1421768414L, 
509264408L, -957051525L, 1546929433L, -908932696L, -1922777770L, 
-67977775L, 259700099L, 1944890386L, -34895964L, 594870119L, 
-876823363L, 1271012404L, -1292243046L, -1921815579L, 1579804543L, 
-2132814074L, 692543632L, 1098414387L, -33845551L, -1923531648L, 
250555742L, 287056553L, -2100941477L, -1192366230L, 267625996L, 
748809807L, -1009540347L, 603976636L, 31622802L, -1896397427L, 
12834247L, 28501678L, -1344483576L, 1726090507L, 1644669929L, 
-1913467720L, 460770150L, -1956929535L, 249392787L, 765505858L, 
-802316556L, 1554983671L, 2103237357L, 1151292804L, 714529706L, 
-1781939947L, -972092497L, 1311323062L, 357173728L, 1259088163L, 
964673089L, 1740321072L, -1780817074L, 192711097L, 1045066699L, 
-949262214L, 1304648060L, -1681143361L, 266512021L, 356121772L, 
-1854527870L, 152956509L, 67506519L, -1227211714L, -1297067912L, 
787929947L, -1548491079L, -1567253752L, 1574400438L, 84094705L, 
-75052765L, 256555890L, -1694043708L, -830002809L, -394022051L, 
-2058961580L, -141561990L, -1558126907L, 236671007L, 1361082278L, 
-1553127120L, 260309971L, 438876657L, -633299168L, 1866176958L, 
977766857L, 321809787L, 821492554L, 614198188L, 53935L, 1076351077L, 
2014994460L, -1181684110L, -350793491L, -1924243161L, 143748430L, 
2112462248L, -1026119253L, 335323849L, 119980760L, 1521954694L, 
-1256283551L, -265413645L, -126538142L, -1995327276L, -1242840617L, 
1852474317L, 877299556L, 2082124618L, -221130059L, 1693860367L, 
-726940906L, -1192645184L, 640961923L, 1036420001L, -1632863344L, 
-130602898L, -175935975L, -1705652565L, -979414374L, 929558108L, 
173181791L, -1780603595L, 112579924L, 77046248L, 410422266L, 
-983576368L, -1905013460L, 1200653044L, -346050158L, -369032096L, 
-1962210036L, 375636704L, 1888309602L, -1750926680L, 614457932L, 
757770620L, 1753079090L, -1660927888L, -1468653756L, 721868248L, 
-1179444102L, -2017604048L, -362868036L, 824170324L, 302691394L, 
207969696L, -173962564L, -767159856L, 1081890146L, 789069800L, 
-587268148L, 1457235708L, -1447609870L, 797945984L, -764519180L, 
-980664696L, 590163770L, -413500592L, -795386260L, -2094352236L, 
-611178158L, -1602038048L, -326755636L, 1765879968L, 1922603906L, 
399692520L, -1711541524L, 1107692604L, -261985678L, -1315584912L, 
972504612L, 1325694008L, 436963354L, 314391248L, 1687538748L, 
788726932L, 1261919362L, -1752121408L, -1086377668L, 1966791312L, 
1217569826L, -856570872L, 622004364L, -1543343076L, 1787948690L, 
868418688L, 553816084L, 1841306920L, -220959174L, 1886407888L, 
-1283046292L, 1129734836L, -798339054L, 1966905312L, -195782708L, 
-802292256L, -2055555550L, -1833148120L, -1685792500L, 974947900L, 
1379627250L, -1670110480L, -1867463868L, -48573864L, -1712530886L, 
2101804784L, 1753801916L, 1940805140L, 2140158146L, -1994213280L, 
1631917436L, -1172745008L, -738960350L, -289578328L, 314316684L, 
1110405564L, -345295822L, -825804992L, 258250932L, -15971512L, 
-1282188614L, -586246384L, 350265580L, -1110637484L, 405081874L, 
-326034528L, 781578188L, 385043296L, 1562038466L, 1964992040L, 
-306854484L, 1093050172L, 1916442482L, -604558544L, -2083343836L, 
-1954867144L, -1301306150L, -865834608L, -2054224132L, 151179156L, 
177802050L, 540942848L, 1467292220L, -1054720432L, -2009400670L, 
118922056L, 1843266060L, -720855844L, -2010723758L, 1765288064L, 
1080560468L, -1587144216L, -70878470L, -446183600L, 541162540L, 
691438964L, 853841554L, -208967072L, -1118326132L, -1820488864L, 
2073416418L, 931201192L, 2004758732L, 1643133436L, 1161584562L, 
-1755576848L, -484244028L, -26988712L, 2080594810L, -382626384L, 
1735997884L, 1969772628L, -1421939774L, -823999712L, 514703292L, 
-1859179952L, 1286905314L, -156348056L, -2044412596L, -653436676L, 
92861170L, 1659471616L, 1821124212L, 2011650056L, 1256925626L, 
-668121136L, -1010419220L, -669343852L, 1183077074L, 1284529760L, 
-2130381492L, -826178272L, -431549822L, 1381284328L, 415344620L, 
-1903319492L, -438264206L, -134872208L, -1317197532L, 2141164088L, 
-665964134L, 1521670608L, -1273635396L, 335337620L, 1295170690L, 
-1642351168L, -170728644L, -1469066096L, 366072610L, 481455624L, 
2106359052L, -1679944292L, 186670610L, -962933888L, 1787478804L, 
-762408664L, 1222839354L, -1071211568L, -262966676L, 783313460L, 
-1579926894L, -127828640L, 1625241932L, 198936544L, 803120546L, 
-1222300248L, 185607820L, 190295484L, -176845198L, 1729289200L, 
-1677896124L, 847980632L, 1359190074L, -724576144L, 129722428L, 
1072617748L, 1683182274L, 997633760L, -1706092420L, -1823805744L, 
1356777890L, 1704763432L, -2009142516L, 378843580L, -921029838L, 
403716800L, 1747665972L, -1943435576L, -1739725638L, -33020152L, 
1906168102L, -1332022829L, -1742447819L, 982899346L, 174980704L, 
1035159497L, -1109084421L, 1839159500L, 453398874L, -1626055601L, 
-2131881703L, -1042879698L, 1038579004L, -1271008595L, -1753346729L, 
793472160L, 70519294L, 498439371L, -1844280627L, 571596282L, 
1486335544L, -1562528799L, 395746451L, 1755150004L, -1059460158L, 
-1701523497L, 1209786401L, 686172134L, 45458148L, 114947605L, 
1817022015L, 1427906008L, -583228426L, -1597105149L, -1351897275L, 
576654178L, -1176529712L, 1464696825L, -74898645L, 1280608412L, 
1623148234L, -928899137L, 1729399561L, 1001661470L, 1015852492L, 
1749419933L, -456338905L, -735068080L, 578636014L, -979954277L, 
719952893L, -1262737686L, 1951535496L, -1054621903L, -2033750109L, 
259942308L, 1109152338L, -166377049L, -569106959L, -738096842L, 
-958185004L, -1606260891L, 1918850927L, -1234470488L, 1663188742L, 
589523507L, 364476565L, 75868402L, 1281347904L, 901684905L, 408700699L, 
2135109868L, -13611782L, 833430831L, -420511431L, 1259348814L, 
1452521884L, -6106355L, -1791928969L, 578937216L, -1497745442L, 
1910632619L, 434631597L, -1585301478L, 776134360L, -457216191L, 
-1590505485L, -627535340L, -900711518L, 1578493111L, -1293119871L, 
-915040634L, 1950174916L, 1261334517L, -1918290337L, -2144841544L, 
-1194936938L, 566671267L, -398247067L, -2138957182L, -689301520L, 
-591154791L, -1339990133L, -950363524L, 1822165162L, -247010593L, 
2141067369L, 1340150398L, 543238764L, -1799133507L, -294102137L, 
127373168L, -1079052786L, 1912171323L, -1866139619L, 956432586L, 
71572456L, -1653618479L, 14128323L, -1102058556L, -409563022L, 
1218142535L, 166890769L, -1393043306L, -1167737356L, 924118917L, 
1119579855L, -798954552L, -386848154L, 764327059L, -1632830475L, 
-1993261614L, 1326435872L, -1142640631L, -1353898693L, 141502604L, 
-320690918L, -724366449L, 375010521L, -1663747218L, 2026912508L, 
-570587027L, -656473065L, 784594400L, -1272946242L, -628017269L, 
